1|9|16764|1
1|5|16681|2
1|2|16668|3
1|4|16628|4
1|11|16599|5
1|3|16591|6
1|13|16529|7
1|12|16481|8
1|7|16475|9
1|8|16447|10
1|6|16398|11
1|10|16395|12
1|15|16285|13
1|14|16201|14
1|16|16198|15
10|9|16764|1
10|5|16681|2
10|2|16668|3
10|4|16628|4
10|11|16599|5
10|3|16591|6
10|13|16529|7
10|12|16481|8
10|7|16475|9
10|8|16447|10
10|1|16414|11
10|6|16398|12
10|15|16285|13
10|14|16201|14
10|16|16198|15
11|9|16764|1
11|5|16681|2
11|2|16668|3
11|4|16628|4
11|3|16591|5
11|13|16529|6
11|12|16481|7
11|7|16475|8
11|8|16447|9
11|1|16414|10
11|6|16398|11
11|10|16395|12
11|15|16285|13
11|14|16201|14
11|16|16198|15
12|9|16764|1
12|5|16681|2
12|2|16668|3
12|4|16628|4
12|11|16599|5
12|3|16591|6
12|13|16529|7
12|7|16475|8
12|8|16447|9
12|1|16414|10
12|6|16398|11
12|10|16395|12
12|15|16285|13
12|14|16201|14
12|16|16198|15
13|9|16764|1
13|5|16681|2
13|2|16668|3
13|4|16628|4
13|11|16599|5
13|3|16591|6
13|12|16481|7
13|7|16475|8
13|8|16447|9
13|1|16414|10
13|6|16398|11
13|10|16395|12
13|15|16285|13
13|14|16201|14
13|16|16198|15
14|9|16764|1
14|5|16681|2
14|2|16668|3
14|4|16628|4
14|11|16599|5
14|3|16591|6
14|13|16529|7
14|12|16481|8
14|7|16475|9
14|8|16447|10
14|1|16414|11
14|6|16398|12
14|10|16395|13
14|15|16285|14
14|16|16198|15
15|9|16764|1
15|5|16681|2
15|2|16668|3
15|4|16628|4
15|11|16599|5
15|3|16591|6
15|13|16529|7
15|12|16481|8
15|7|16475|9
15|8|16447|10
15|1|16414|11
15|6|16398|12
15|10|16395|13
15|14|16201|14
15|16|16198|15
16|9|16764|1
16|5|16681|2
16|2|16668|3
16|4|16628|4
16|11|16599|5
16|3|16591|6
16|13|16529|7
16|12|16481|8
16|7|16475|9
16|8|16447|10
16|1|16414|11
16|6|16398|12
16|10|16395|13
16|15|16285|14
16|14|16201|15
2|9|16764|1
2|5|16681|2
2|4|16628|3
2|11|16599|4
2|3|16591|5
2|13|16529|6
2|12|16481|7
2|7|16475|8
2|8|16447|9
2|1|16414|10
2|6|16398|11
2|10|16395|12
2|15|16285|13
2|14|16201|14
2|16|16198|15
3|9|16764|1
3|5|16681|2
3|2|16668|3
3|4|16628|4
3|11|16599|5
3|13|16529|6
3|12|16481|7
3|7|16475|8
3|8|16447|9
3|1|16414|10
3|6|16398|11
3|10|16395|12
3|15|16285|13
3|14|16201|14
3|16|16198|15
4|9|16764|1
4|5|16681|2
4|2|16668|3
4|11|16599|4
4|3|16591|5
4|13|16529|6
4|12|16481|7
4|7|16475|8
4|8|16447|9
4|1|16414|10
4|6|16398|11
4|10|16395|12
4|15|16285|13
4|14|16201|14
4|16|16198|15
5|9|16764|1
5|2|16668|2
5|4|16628|3
5|11|16599|4
5|3|16591|5
5|13|16529|6
5|12|16481|7
5|7|16475|8
5|8|16447|9
5|1|16414|10
5|6|16398|11
5|10|16395|12
5|15|16285|13
5|14|16201|14
5|16|16198|15
6|9|16764|1
6|5|16681|2
6|2|16668|3
6|4|16628|4
6|11|16599|5
6|3|16591|6
6|13|16529|7
6|12|16481|8
6|7|16475|9
6|8|16447|10
6|1|16414|11
6|10|16395|12
6|15|16285|13
6|14|16201|14
6|16|16198|15
7|9|16764|1
7|5|16681|2
7|2|16668|3
7|4|16628|4
7|11|16599|5
7|3|16591|6
7|13|16529|7
7|12|16481|8
7|8|16447|9
7|1|16414|10
7|6|16398|11
7|10|16395|12
7|15|16285|13
7|14|16201|14
7|16|16198|15
8|9|16764|1
8|5|16681|2
8|2|16668|3
8|4|16628|4
8|11|16599|5
8|3|16591|6
8|13|16529|7
8|12|16481|8
8|7|16475|9
8|1|16414|10
8|6|16398|11
8|10|16395|12
8|15|16285|13
8|14|16201|14
8|16|16198|15
9|5|16681|1
9|2|16668|2
9|4|16628|3
9|11|16599|4
9|3|16591|5
9|13|16529|6
9|12|16481|7
9|7|16475|8
9|8|16447|9
9|1|16414|10
9|6|16398|11
9|10|16395|12
9|15|16285|13
9|14|16201|14
9|16|16198|15
